C001	C002	C003	C004	C005	C006	C007	C008	C009	C010	C011	C012	C013	C014	C015	C016	C017	C018	C019	C020	C021	C022	C023	C024	C025	C026	C027	C028	C029	C030	C031	C033	C034	C035	C036	C037	C038	C039	C040	C041	C042	C043	C044	C045	C046	C047	C048	C049	C050	C051	C052	C053	C054	C055	C056	C057	C058	C059	C060	C061	C062	C063	C064	T001	T002	T003	T004	T005	T006	T007	T008	T009	T010	T011	T013	T014	T015	T016	T017	T018	T019	T020	T022	T023	T024	T026	T028	T029	T030	T031	T032	T033	T034	T035	T036	T037	T038	T039	T040	T041	T042	T043	T044	T045	T046	T047	T048	T049	T050	T051	T052	T053	T054	T055	T056	T057	T058	T059	T060	T061	T062	T063	T064
PC1	0.157116596488103	1.53287412736145	0.0802472303663353	-0.833847210950753	0.0667130931568759	0.0455587398941621	-0.367446799729441	-0.267471343097907	0.411238322715787	-0.0529350483075216	-2.42739158093054	-1.08033957035521	-0.571709111202451	0.71334700009447	-1.22946304140868	0.0252019055180426	-0.335658468099556	-0.943704582880598	0.22547208326695	-0.881047212029207	-1.73828838007542	-0.327240594138424	-0.829693610328646	-2.26949351345641	-0.236323357686209	-2.94105410722738	-1.5840953477303	-0.287195709227832	-0.241715778879792	-0.686681694334743	0.166763309332976	0.24272906797245	0.745180527448013	-0.0486586887856183	0.498264619363259	-0.29202111619836	-0.588073659793558	0.703544230989164	-0.960100352673897	-0.797981641061812	-0.499760216132349	-1.04909084769223	-1.10952748319348	0.943771708983473	0.951451833218458	0.796305184048992	0.359513323467693	0.0513359683418812	0.518563295198114	0.469400858217433	0.325759667312072	0.306456339775558	1.05182480598325	0.470168676474916	0.722004533268242	-0.522788574507605	0.409002401585891	0.738677323807015	-0.124265275252062	0.260232112742673	0.0720311457126838	0.47152913158042	-0.135065307424396	-1.1368874131684	-1.82250284856256	-1.51752193346232	-0.449559507976897	-0.224062992076646	-1.51460523477974	-1.02558606059301	-1.7188977357856	-1.13580528354058	-1.7493748619979	0.161117563433009	-0.569068911484171	1.16427805107042	-0.498740863664789	-0.635013690146593	-0.215148155909165	-0.0657614149830355	0.6946702425919	0.976196115177124	0.241868984110615	-0.157164426017798	0.758819513085944	0.139893654133769	-0.398242112861874	-0.976019996142947	-0.142505953790118	-0.600979222043635	-0.89261269357399	-0.0333922622790462	-0.128465395444856	-0.622512929337927	0.0928037110569188	0.22493884616927	-0.492659070871307	0.438437195382512	-0.540723718971089	-0.00217985309026179	1.59410054857203	1.95659276883269	0.638267407287962	0.630205479909126	1.71077224441786	1.20088426000077	1.38563152515791	2.36125401090547	2.24429396123421	0.472745541749389	1.46888233540723	0.556837556406318	2.21460516445065	1.5447096898636	1.23973271405011	1.88940457348623	1.89328735973148	-0.830001702362892	0.65747968301045	0.398989402968767	1.19756999769799	1.0190865231445	-1.3445103184715
PC2	-1.81378564651708	0.738475442419979	0.58149821114921	-0.330075803150743	-0.95157400507677	-0.374303126089567	-1.92424138677557	-1.47861603752447	-0.0574393811973423	-0.826415506178103	-0.32519605550169	-0.583242307150993	-1.72455757077036	-2.10604022479568	-0.937501707475845	-2.7108662863381	-1.6511806356224	-1.76191635568196	-0.602663751920229	-1.2039249227806	-1.11373298972465	-0.195510212446163	-1.93308916461091	-0.593132203019617	-0.463300326003642	-0.18524953698143	-1.99524904189887	-1.31317733923921	-0.791451516533834	-1.71682082568832	0.0890672468113381	-0.472888601586482	-0.453195932496898	-0.223805999153589	-0.129921985752746	-0.303760445766004	-0.538975966073929	0.21238898831616	0.492943203991548	0.710397379244596	0.275927567499204	1.93339155907527	0.544533964012218	1.62219932883969	1.45880008131206	1.13859575024952	0.745435999653103	0.491086124363252	1.19457572108171	1.04352980105793	0.177751897089425	0.177203316637796	-0.0827435669597411	1.1143853145328	-0.812545146751733	-0.0294020540199176	0.487082050100212	0.460525056658312	0.951750015430396	0.619803078652806	0.947546081235029	0.185860161715612	1.42826333657591	-0.0282830226767509	-0.449079212290211	1.08775311221977	1.90218626644449	1.87417788668884	1.42334203561036	0.41814524410419	1.54664788540753	0.932402729486295	-0.553362245316277	0.591810342722263	0.284580851629136	0.645138480216111	-0.297923967630353	-0.135342288787255	-0.114021308171737	0.786748405818509	-0.034148824826214	1.47982847284608	-0.729774465310014	-0.442749598298254	0.778104894031137	0.482133772588657	0.118037932088958	-0.86811599202567	0.105859973863397	-0.111360092310948	0.499396476690611	1.19542771458269	1.23887522873462	1.7236549818573	0.10206368399608	1.12549326349852	1.07819451428513	1.41614224136658	2.14868689377887	1.02146516382654	-1.52952369868209	-1.43146932512796	0.309842384065497	0.401057562201174	-0.233088140662103	-0.23684618172341	0.292757114859746	-0.449473510770842	-0.675702966187003	0.384884251370158	0.208028894349997	-0.646904592845467	-0.294010535728679	-1.11939223644808	-1.03384625281493	-0.868118842160366	-1.35711214564414	-0.415149892860575	0.0822717260773365	-0.367618523174769	1.17573888640987	0.295845387961733	0.154170094346028
PC3	0.892991893365798	1.17806193742979	2.40174948794658	1.22759594443349	1.4204480212898	-0.509347060834067	0.826792307714427	0.686299372089806	0.040545209081276	-0.443683786577661	1.12098912313809	-0.675818611615431	-0.750639439403651	-0.825178501790793	0.137291030714841	0.866968362931576	0.423343678482603	0.714288193588449	-1.04048711910147	0.643577522143673	-0.0051128070359736	-1.1161704301926	0.934564745158401	0.472932580682698	-1.40985133818401	-0.335052094934551	-0.833487239013464	0.760188191538808	-2.12327394647053	-0.33668653775448	-0.708289497333614	-0.684856592397395	-1.12006345539112	-0.229322218205409	-1.36636039515021	-0.949494806229791	-1.51587254733335	-0.298879394077118	-1.64629160076886	-1.00043784087688	-1.85707463052532	-1.31370166483559	-2.35390142332605	0.537672033006269	0.820784450962429	-0.0417899980612363	0.359148079413319	-0.437521991445194	0.151902265732333	0.355490305019693	0.0902948799670613	-0.339831074983192	-0.547733831452732	-0.47294075220415	-1.00390225719744	-0.714364146254712	-0.24231884281225	-0.149530044802936	-0.175454588054607	-0.683587753113913	-0.138708063329028	-0.448526371570314	-0.647298333070999	1.87855697581057	0.623914108735932	1.85982515202137	-0.736483049145102	-0.840388212335172	-0.936436550385443	1.40984818587324	1.26088356624488	0.149695520989067	0.355428893441292	0.686026618321966	1.016555619683	0.99502390516063	1.19415296333347	2.66062906099513	1.27078790858532	1.26242950832068	-0.288496679048209	1.28301932203875	1.53596637594767	1.13153128021385	0.463162253627797	-0.264970318972906	1.51399560069374	0.581693419480328	1.75972392646811	-1.86512838231719	-0.182947694544679	-0.388210353438803	0.442446436061567	-1.41326717108193	-0.266924086874755	0.777901622940322	0.249266859412092	0.966489268432492	1.04926285173561	0.375284982047056	-0.465668923839879	-0.223746713107916	0.892288083221763	-0.317621602522642	0.288063543871663	0.23824014556129	0.652706676241393	-0.140034845956471	0.0636077343583316	-1.63108271275086	0.709247819859373	-0.372911540644468	0.369942189558442	-0.611169647783532	-0.210184026126025	0.500412814154409	-0.00245177647618931	-1.76705568108638	-0.0528212543354877	-1.86873160970722	-1.20372833157135	0.120727111028227	-2.10935372853736
PC4	-0.75370918488937	-0.0945990099460999	-0.288713268445432	-2.29646183370116	-0.540016509307149	0.268338919001401	-0.721751138407754	-1.40565610288765	-0.967681999276371	-0.550391041040908	-0.0312735531365847	0.269817176467491	-0.859534999720177	1.72121077809386	0.618773290630824	0.347414779565651	-0.519709574328932	0.300292293349061	1.26143935567367	-0.432378376107367	-0.206133359784704	-0.609446987501824	1.29903773336786	-0.443748276818209	0.636835938100071	0.185626718197265	-0.708754193114375	0.571308906897543	1.32291088712903	0.177600809478498	0.614833304705657	0.312995189296831	-0.346012203458757	-1.28344712313136	-1.63042230917314	0.196255012635703	0.823487490754373	-0.0102216454498875	1.17191174344463	0.238628051986342	0.702453700620377	-1.21940400848225	-0.91810545274431	-1.35138249437104	-0.281077214972643	-0.318955150248798	-1.25723513653116	-0.304727815393413	-1.84236000814839	-1.73539883848461	-0.527608524669322	-0.362945316958685	-0.929473915730988	-0.337669909647022	0.119956088645117	0.0335300376611304	0.0284034201183376	-0.704229513901049	-0.799407349854019	-0.44633738730514	-1.40627335652475	0.243083437072661	-0.530661647649967	-0.171581006783245	-0.669427590940956	1.30055453297015	0.155275705696087	1.36028682649942	-0.131477572710481	-0.350109469305067	-0.370279105765576	0.605982144712607	1.57036280541021	1.75500705189656	0.597636519352069	0.544985447454261	-1.44568650278538	-0.507096955810988	0.0926254467509206	-0.90375232059142	0.537134488377275	0.421046563103818	-0.208822285060732	-0.128695690128118	1.20972635818451	0.384146584230537	0.479095236750013	0.410126822434579	0.939590299569167	-0.122071059148563	-0.265009529165406	-0.0891961432876573	1.40511904375914	2.2800542223733	1.09471275502185	0.982896359508474	0.602636752650392	1.61660960463791	1.23574109417284	1.22318679152585	2.0700256477972	2.69608306824467	0.684216257099948	-1.10851780014332	0.422062032628792	2.0837725253375	-0.242692558248927	-1.47934625564836	-0.921547390550022	-1.45150839212204	-0.047124570147996	-0.91046313977794	-2.0127519909392	-0.33456898831961	-1.0385036688317	0.507874191530563	0.898636510368995	-2.79815525563735	1.59712936866883	1.23937495372995	-0.157201886840287	-0.206245182791968	-0.424711032614684
PC5	1.19890770874228	0.00304677624367259	0.411611470282149	-0.992546535728902	0.169868949469722	-0.770848331524244	0.77597122695076	0.0891452381272034	-0.635757902739232	-1.26056096535017	0.268559035867497	-2.25293068534172	1.49745558561453	-0.0439812776952341	-0.329875217610328	-0.230512778327744	-0.825440346755048	-1.21930054766116	0.609887777294695	0.910198476377194	0.651341078606463	0.264030593950195	-0.32493685605092	0.161383714363368	-1.32474433352181	-0.0594700618519944	0.431723640314907	0.413442221893005	0.0540269769694938	0.559866137238297	-0.613087115564234	-0.882946590915151	-0.326601670173221	-3.88514486750783	0.690157105129268	0.413439697256283	1.33982276301262	0.671869202151571	0.40917213851934	0.76141767559652	0.737329647880133	-0.255935903166092	0.535273046648101	-0.083817722653934	-0.384620285796067	0.0802222386809638	0.121571478825533	-0.388452685871387	-0.159771045734262	-0.511201134985194	0.888005363788041	0.21200804532023	0.817490338692418	0.356598979855943	1.56785550842119	0.233466020802835	-0.220465216385401	0.92654844123378	-0.851682517460141	0.296238154206979	0.143658866425275	1.42563600831504	0.830702519745681	-0.571632714046663	0.309410304417133	0.125445286072641	1.13454661054487	1.41519616368903	0.643969599050657	0.32954553398636	1.43705544316376	1.74483976375959	0.723738886550031	-1.0988571607401	0.930444010200197	-0.984523222757463	-0.761387850418187	0.127288679735225	1.30555759403176	1.92556533891545	-0.0275109368938383	-0.393807406088884	0.273083171884942	0.715676474070436	-0.332639065009191	0.913200834558231	1.01409638835142	0.5478497118536	0.191497458111893	-0.132496387064943	-1.86898763033537	-2.11821865991849	-0.626312640386097	0.401124882380474	-0.665982681813391	-0.308638146804629	-0.865737661687082	-0.751537778543845	-3.09603391472232	-0.0668688534820138	-0.874558857123909	-0.305850175644966	-0.367557168592913	0.290324924764165	-0.31515729135651	-0.48934192264303	0.453462565465771	0.43087617677058	0.0853226098686672	1.89370873474675	-0.512725542085283	-0.277375276907372	0.289764927999813	0.143061643262269	-0.260055093157695	0.137822405620034	-0.816420280316323	-2.81052613657639	-0.41214883527606	0.937858999103933	1.78687457373468	-0.279675842570716	-3.35996181614245
PC6	-0.399129373406976	-0.709422724333015	-0.532050276207684	2.31967943437639	0.0285462775303813	-0.546508902088187	-0.0176139805311774	-0.384525944145102	-1.07014529663596	-0.504579244000274	-0.1280279873532	-0.895167481035846	-0.955248134814965	-0.313873267578593	0.128215069001246	0.274985561650908	-0.0932855919952333	0.754983180179894	-0.453638393747201	-0.188179312224536	-0.175300851231401	-0.991037353023861	-0.967260212568052	-0.453453413991166	-0.523909663736301	1.36757369211336	0.0546979012454492	0.377489308540958	-0.254991070627938	0.755827555188989	-0.252894726306216	0.0265412501328605	-0.0715123617666491	-2.24824515568974	-0.319576648330919	-1.68815407142684	-0.46548309950387	-1.14163315850216	0.185019066773878	-1.18327421761586	-0.519480025455844	0.242211369630232	0.521242407602273	-0.548847860730422	0.00315232197212198	0.680877047086701	-0.758576945046729	0.816751264799453	-0.457453024288561	-0.317971543005867	-0.867637146642204	-0.267458548520965	-1.54372426026416	0.617915144430183	-1.58218374012741	0.529152231708397	-0.431984744197145	-0.751842397898488	0.610234228982496	-0.269339220186936	-0.757032712567767	-0.674944299208257	-0.837378484640091	0.835872376053993	-0.900255252615196	1.19275725296089	-0.432444138774208	0.371290694280648	-0.0663299463023272	-1.08871485102894	1.29849199227389	1.20529426934688	0.52100434457275	0.303476074874003	0.521980322854955	-0.707945001627571	0.332896080007139	-1.17013902144139	-0.893294627699245	-1.3797786290208	-0.419144267923393	-0.591435659824517	-0.736258564501988	-0.764451502043556	0.0166218316675742	-1.2523843918736	0.491460997730083	1.04719160232041	0.603316731702613	2.15925278695333	1.81307803567265	0.461794384879529	0.0766100337885042	0.264824304868334	-0.343965506958494	-1.31410931252871	0.153720620396434	0.349682425787284	-0.205596192786737	0.313283675878906	-0.676977517121541	0.953319430438441	-0.549516898890868	0.895695846510805	-0.397795029347217	1.1089276368119	1.36908641601849	-0.408933213343354	0.726469072738256	2.23509626895215	2.73505547637215	3.45833682755086	2.01737779737955	0.256198208575144	3.60628487610393	-1.0670436537058	-0.326775100566445	-0.414385202201249	1.62209652008509	0.59220828038872	0.360577539490723	-1.23175599732974	-0.712319002576546
PC7	0.909072766533426	1.2698662051098	1.36505686168341	1.08027577152289	1.04490070505041	0.0909566086963214	0.429537153918601	1.28076221140131	1.35443062681225	0.97642329747476	-0.625257935992536	0.0930999424562283	-0.00322174899521906	0.345110871968266	0.650055258658856	-0.500470725742334	0.755320868580604	-0.0547430583493064	0.820741161561683	0.853716242704151	-0.788641852943075	-0.489006938916281	-0.689883947141519	-1.35357388256995	-0.442415931601592	0.0117276881801784	-0.449541296532638	0.940166431188482	-0.429977194127215	1.11435291182735	0.273654303143727	-0.0682644778329067	0.691688348993231	0.611996559662523	0.88346246649346	-0.97445420983755	0.276194096925155	1.20067991535976	-0.513295322002714	0.657105919115963	0.135542861703226	0.659467167756914	0.07845419911634	0.570753556394291	-0.327985084420739	0.249733852487401	-0.634019360329931	-0.485637624098627	0.557916701941111	0.124891735292416	-1.50140663316794	-1.60728433751599	-1.35293087974984	-0.459267315565219	-1.67605628070507	-2.07976849121093	-0.933742601691929	-1.58161256115945	-1.54909760086132	-1.17098882565936	-0.412094769294441	0.186408973269476	0.706766477085667	0.146536249595259	-0.679211822103218	-0.315296401398199	-0.632713432983899	-0.39376926769267	-0.488774718671438	-0.453183087659606	0.371739542831415	0.607017009883661	-0.566828345702892	-2.24488282583853	-0.118422072788738	-0.558679827862589	-0.137692391749922	-1.86299630673579	-1.10117746810531	0.0235943378493748	-0.973915519980165	-0.423872491836708	-0.918621661236825	0.652887999507754	-0.96920576802721	-0.448303246567114	1.52634595390822	1.0402811720263	1.66565875042337	1.38240888709184	0.357991735519045	1.55555633344294	0.765459630163896	1.09105385370278	0.687135683346915	0.484322266922758	0.839899179120296	0.165621028823661	0.249295135520649	0.971116918279646	-0.280535285098592	-0.961823478216518	-0.480430619345145	0.349231010713977	0.0493151694506285	-0.873122806059566	-0.663035687048834	0.519519361002549	-1.80036606923205	-0.443222719130281	-2.83258092348064	-2.50745770367256	-1.28803276457912	1.62738318609863	1.47597768161616	1.1537155090238	0.73610331020436	-0.0690077481351265	1.23807515159627	0.401687850534752	3.01513801303528	1.23292908865256	-0.991484371003522
PC8	-0.601896839704239	-1.46419964470517	0.040431294812837	-0.430218560917743	-0.455530030455804	-1.40440486996182	-1.03171602566507	-0.286888266239617	-2.24059214713522	-0.89887532304836	0.266580625111057	-1.49225332214772	0.488589599976553	0.0810408004513845	1.52030583454095	-0.0204896354299165	1.077106935482	1.10487994037377	0.128145535592892	0.194404291324833	-0.144445030796342	-0.838336903607312	0.396504159282158	-0.588659415123511	-0.846268950752988	0.400960897049743	0.581676461953116	0.775065595978938	-0.155115581561795	1.57291148850019	-0.783511516182541	-0.167693378589192	0.708996543505759	1.47588025899303	-0.104210100165627	-1.6065396591502	-1.18804243813094	-1.31034972019591	-0.118172535791216	-1.24644944215496	-0.4983684353456	-0.153034097584523	-0.445170499884798	1.03627018961826	0.978995967700645	0.966206132244368	0.316778754644255	1.91691686406943	1.0410628053517	0.394953622345072	0.305606118344179	0.851554910061501	-0.11839646407491	0.816209871690961	-0.200286204524916	-0.193796904498851	0.693194296865716	0.605578545325481	2.52208686480214	1.58863216219221	1.68750981020121	0.483272708404252	0.167773556625248	-0.496974979191517	-0.82950304821142	0.0264235902880302	-0.40092716323362	-0.372121421547872	-2.10205813368694	-1.00026225348048	0.18120549470928	2.34400984400768	-0.358708915860957	0.0920252667841783	1.11296262641611	-1.18246948250726	1.15489411250772	-0.437540962224427	0.312201428667481	1.45741563474786	0.0922606724192574	-0.0481488955599123	0.434236203163371	-0.199600417320493	0.172860543173746	-0.947254196873161	0.321353090512592	0.397249630144244	0.858848615705616	-1.05777818352392	-0.447314095351586	1.10061000611078	-0.805061499443211	1.36945302685788	-1.73469056438122	-2.12437515803209	-1.11657533708907	-0.927189560483736	0.35251365006747	-0.188096883809057	1.34073887474153	1.59067542459771	-0.779911720425261	-0.745062554061047	0.450555900995688	0.979222202118249	-2.08583223079806	0.535737204198326	0.163316232897365	0.653953070664777	-0.995506158435132	-1.80128776357127	-1.4260078137079	0.413122568616267	-2.18577113627156	0.0802905838408397	0.775079978933575	0.837767275377089	-0.100947845141286	0.33414479357092	1.38275414653022	-1.19830476598657	0.625229946955178
PC9	0.135920858458875	0.101607240924879	0.446044839624099	1.44018630468627	0.135145539086595	-0.556793020637166	-0.731655617510797	-0.546292589883651	-0.11851766237503	1.06844359989803	0.753430411207568	-0.559122892959806	-0.642602623804152	1.61266414505296	-0.252270722529646	0.330125258276887	-0.397622973343629	0.950589263658484	0.44412770506573	0.474174878529588	0.991425474907306	-0.4271338243021	0.538232999754731	0.338841305727825	0.263428201063304	0.0913563798954736	0.179975806322198	0.403532450270026	-0.218344062370201	-0.0700245793672869	0.338083583226526	0.563664289295553	-1.79043694190608	-1.51902430404421	-1.2782852472015	1.10691543537105	1.09822538119719	-0.624556060329902	0.273098619167093	0.456387700791194	-0.403044753804414	0.396853558679474	0.101589826410459	1.52343381550882	1.56074132246169	0.808252190458112	0.987547193690654	0.829385696792751	1.28593898246548	1.60341900553761	1.00752378635962	0.579328202878474	1.73666475674822	1.5450400897236	1.47194942065841	2.75948227902064	0.97360689707498	0.922816384007401	-0.596539524900577	0.986198638685985	0.352754797621017	-0.091539772046697	0.164679999223979	-0.377345066629977	-1.68062290573889	0.241420651656309	-0.753937329480443	-0.933892156365037	-0.957334342950588	-1.12265274067334	-1.27078021519684	-0.707742313531393	0.0400697640306775	0.124002913225433	-1.07876584943147	0.355002160612655	-0.966669046350083	-0.61034388962632	-1.50348220321075	-0.986574812818037	-1.38850750829042	0.171143524293993	-1.91400238452833	-0.533430415466992	-0.458616407602261	-0.670895563203776	-0.432358753427895	2.37898207485383	-1.10172754588199	-2.42096759428154	0.414034685624452	-0.272067802067257	0.38425759076534	-0.939203126226235	-0.16962244018103	0.225009606342802	-0.0935100680214104	1.19720115658071	0.50643761485743	0.698573296993463	-1.0122171813427	-0.690339177239601	0.584397832534926	-0.611279380982727	-0.100051187413528	0.325309643572349	-1.13864726263907	-1.08961572089137	-1.3872321050697	0.607384865330479	-1.94092834471078	-0.767100698798882	-1.56223714680356	-0.414777653333467	2.94287921753479	0.855776118697794	0.194963129386151	0.240707080322906	0.0192574651381323	-0.0174991775092848	-1.37354552208781	-0.204123397356969	-2.16119129714283
PC10	-0.168914831355453	0.918479444373733	0.246668236643491	-0.331873716979506	1.20483148755368	0.4156962660995	0.561861914697994	0.588585435175173	-0.617513061222796	-0.116669238720678	0.513573677467247	0.153677807905796	-0.133613470873708	-0.0971909686420656	0.345730380156792	0.529041941786427	0.601689801552907	1.43278341902859	0.466398748668239	0.21179884805207	-0.49430815549293	-0.585442454744491	0.42746578314901	0.483698599951752	0.498457807682243	0.628570354284229	-0.664557013973254	0.269069551752616	0.140209924301197	-0.483677457252883	0.716057306438537	1.59148044864243	-1.3578291312882	-1.14716270111582	0.0563318219072067	0.633617939149582	0.947954930959238	0.241305214434117	1.95762192836832	0.629115704196353	0.663484873464298	2.31231355317026	1.32413140855209	0.545328132231836	0.490506736043285	0.197164812532018	-0.195823790002194	-1.20213131851021	-0.110488553083713	-0.510689916135624	-1.16947747060612	-0.275847588835529	-1.06324889327363	1.8600470181412	-1.75725927502134	-0.881613966646197	-0.187792218193374	-1.02404133691177	0.00921817867332405	-1.04189989626103	-1.51838643448876	0.974326195421586	1.00885492792351	1.37697903730487	0.0187199632814831	0.475704089037686	0.781164489547314	0.72570733979615	-0.360043900341129	-0.160642983011772	0.177561424336983	1.14992504524703	-0.771796768883809	0.448343737339143	0.295104184946734	2.0627308247857	0.700916536373387	-0.796820166691593	-0.166707649832835	-1.64305814304836	-0.324116595547434	-0.861407101948777	-0.596921925077798	-1.0720352534917	-0.225185580048609	-0.617215271785752	-1.42036525646753	-1.12788164481574	-0.914975299952771	-3.38770243760424	0.806171030708638	0.0948360790546454	-0.110614162071184	-1.55760304544196	-1.03315070171905	-1.23179512994641	-0.590210536373373	0.085745138901409	-1.68017568479799	-1.1254920706568	0.0726091519612514	-1.0619663617539	-0.0699061131854977	-0.529875917131709	0.644797957862714	0.508430887497334	0.343273815685777	-0.520666912525054	0.783434618614141	-0.0984366127287836	1.8067353674484	-0.440711517938776	0.560199763284523	0.684976188322567	-3.37533442038733	0.910625976328433	1.92940209700882	1.71865998126633	0.0308623099773143	-0.833918029348479	1.42201769565173	0.21292207032072	-1.78152130823569
PC11	0.773109663192258	-0.077712903561689	-0.327403038847494	-1.26667190498985	-0.292676473570265	0.812493125283932	0.780554862627727	0.924683390276374	0.327186070472403	-0.532599641547917	0.202719257828985	-0.335814493360043	-0.110344466364386	-0.384603999593149	0.081259174335735	-0.47754460827724	-0.392048426907085	0.0824969871346158	-0.0716042898371225	-0.492095165137841	-1.11521914362071	-0.603510585501526	-0.74931944359977	-0.389801139048818	1.05030220969597	0.771684108772301	-0.071981372082036	0.4863468159185	-0.785042074873134	-0.382705095944207	-0.490367899509349	-1.26149678043618	-0.230070512662088	-1.360801673536	-0.342622723286213	-0.101544185309215	-0.865361949785033	0.922742767790146	-0.723221911447448	-0.344633024456745	-0.205913511756152	-0.549644450633453	0.193202080193942	0.376407319771149	0.543964571033551	1.38494768585277	1.12827083042949	1.93770577871114	0.997299796866436	0.660715028724921	1.03382044424446	1.45104816691321	0.841864401612824	1.38977648467101	0.236938210332951	0.294796533185333	1.2418462810871	1.03863231609549	0.311890730826158	-1.84557221957416	-1.47243262971815	-1.14859643421118	-3.58832474626916	1.72013395729738	0.807341989834321	0.0128849851114498	-0.165357202396023	-0.0258890468338176	1.55557458993919	-1.0387340840513	0.271751184105525	0.364077349825986	-0.30836254677127	0.146332544853402	-0.860065903332162	1.41987464386279	-0.0371987391000344	0.46528528213365	-0.698968245592557	-0.762737512046877	0.179359462024204	-0.0768885011872455	-0.105894804060758	-0.737076692416435	0.220119124774524	0.415461085584748	0.70260515000774	-1.16736776438134	0.635211017586344	4.24594261234962	1.96091012214604	-1.58272630410895	-0.222980879547366	-1.94557489358578	0.336092339591812	-0.180269946633257	0.812880293163322	0.118826181697744	-2.31710998498043	0.833243509993404	-0.367524305807025	0.503017801981352	0.303813037257948	-0.208337780880372	0.491237170051873	1.10434818373376	-0.976584068542919	0.239599332966676	-0.274868709542137	-0.659151968985988	-1.41433808979042	-1.150060745103	-1.796869566551	0.869957874203196	-2.06712465027493	0.39290817772292	0.31541266588551	1.19955161525595	0.452786502230227	0.33551515654055	-0.148991578593655	-0.645045900061235	-0.37935670318095
PC12	-1.06257077512714	-0.962105022775713	-1.44179983857226	-0.287447237782446	-1.25729349789693	-0.79105775855805	-1.06752985528069	-1.49038555732098	-0.679683334150256	0.452889824950731	0.110238648043429	1.02115317833609	0.314613589418541	0.360256253535352	0.9599157736759	-0.413211530873125	1.00825533362316	0.371578692698621	0.391205244121187	0.50016253388367	0.873554828059635	1.55979292114716	-0.250094394887369	0.594501050627319	1.48579896237645	1.12031258576335	-0.0417307328355879	0.105161558248007	0.707468090343354	0.685557320351202	-0.28062518582721	0.832636097167983	2.48550621662322	-0.571914013042699	1.24372777402758	-1.53182354696542	0.237080378852444	-0.927495407841739	0.212709141433497	-0.0870274758844614	-0.528060319600954	-1.48091620300131	-1.47924402517248	0.27791342854668	0.0340635243429396	-0.224021130225	-0.184741621037172	-0.312137622903948	0.744785906335601	1.124007973176	1.37361801654564	-0.0223347036198191	0.901736395397285	0.374444796919726	-0.274472760077679	-0.275617826632325	0.263618670648427	0.550377908874848	-2.67690639436137	-2.33262456057868	-1.08688383940643	-3.81469379490379	-1.55402927647299	-0.0236495991884984	0.847758662119652	-0.400977694949649	0.151106441199689	0.0998575156409934	-0.243922987762174	-0.374321861256476	-0.144582434347399	-0.299285165269587	-0.913997940717572	0.776734126960507	0.443716263481988	0.434036292764285	0.369118646372011	-0.131266281820356	0.351029276967089	0.560662760971054	1.28104770258172	1.33027696855907	0.283193397138306	0.0670078331723606	0.798811699855692	0.802833260400076	-0.711059595307805	1.24569378209803	0.282726445803036	-2.05224675247329	0.157692007997893	1.77730939973574	0.52460645290022	0.750567040688837	0.664084130096821	-0.517385910024923	0.840004929362499	-0.281217716330142	-0.231920319991565	0.161696579231993	-0.511497437625513	-2.81564190723951	-0.0698357334764332	0.926885875609047	-0.0310829563284269	-0.832972656245792	-1.12423950025401	1.66676103593129	0.0909372598346739	0.345005872580555	1.014788122862	0.585630782003091	-3.56550737276648e-05	0.478275835639834	-0.821155189341013	-1.16718239470709	-0.106474439552538	-0.422931056214987	0.609557829730071	0.373650119458673	1.0787184396994	0.681738957353796	-2.51280193578251
PC13	0.122060535958267	-1.27301623455661	0.847514777529127	-1.01507579354872	0.0490619423971277	-1.06337194954778	0.728678765153659	-0.551633601459658	-1.12431125809623	-1.57218012698761	0.0339644273115304	0.198721831063778	1.0187209321885	-0.94711062660806	0.580657108360354	0.046081442525037	0.638740774698188	0.236524805862737	-0.833615371704114	-1.07788404076905	0.0323257457616338	0.556258921459597	0.229231219016833	1.20398409184856	1.59169679701983	-0.0989419880881654	-0.21823226274628	-0.115460116587828	1.05502950279649	-0.872903819160737	1.00652675797596	0.123648070291097	0.767060768991548	0.991796358886144	2.42637625776891	1.53873117228066	-1.60999821715312	-0.212418977258696	-1.17284645199774	-1.16028958351037	-0.90054353137676	-0.493922631293	-0.80741577853325	-0.449343071997139	-0.501380985921965	-0.14253481552394	0.417379115561348	-0.689899753204146	-0.821870670534675	-0.210855890743783	0.369560517522293	-0.159153288779368	0.480625057141574	0.987256972854951	0.113130139636758	-0.0796901310200695	-0.544279742431741	-0.150691271822049	-1.33098611525284	-0.387612268908597	-0.831091856882909	-0.116374853574276	-0.975746137371085	1.52669665282719	-0.494538505305544	1.53977811154473	0.896861447421666	0.955714978455326	-0.944459246418575	-0.290390528680046	1.63383533177806	2.32727458600523	-1.67741623679794	-1.06521909019199	-2.10968641047595	-0.273993826300557	-1.38608012700913	0.664510534556557	0.455409654349497	-0.961144038619393	-0.344272663397891	-0.17844024307811	-0.600420765458851	0.219179932225528	-0.316690166046665	0.535826765970737	0.253759761680509	-0.17418481037752	-0.214527484264356	-1.83779970980987	-0.774986416569716	-1.98843931197509	-1.10119431731681	0.0703022267939371	0.516269252903332	-1.10861435550779	-0.46118513580866	1.58060329107895	0.854112140237811	1.84060853244133	-1.80876539350395	0.311974514232048	1.08221543113761	-1.42154624994711	0.529319627498416	0.696945098155508	0.976403959867786	-0.761805518774958	0.211722616530061	0.542248376142916	-1.21028238225323	-0.704907996192927	0.796997047391434	-0.449181689143101	2.42157106262183	0.537364504515057	0.656400323802959	0.905774503012663	-0.507834376485265	0.652484304736068	1.94125654143539	0.617102736908203	2.53882155254252
PC14	-1.07751705874934	-1.5313791453903	0.106674700033166	-1.39894929506541	-1.18859667673919	-2.09373971004513	-1.38575122838859	0.335687326340297	-1.35657487692883	-0.0151769209489642	1.89442071675722	0.0901337090238709	-0.860363399364678	0.618758453140173	-0.160481853676677	-0.196284227244189	-1.72860442747573	0.0355289637231668	1.02812048395275	1.20880303544292	-0.437386922061174	-1.38859635740593	1.48439477485195	-0.146193741521071	-1.33159045305342	-0.389663625092229	0.663856425986268	0.0584343714865769	-1.5374610393819	0.543381294893277	-0.771809268663401	-1.56460376701577	-2.32773309191599	2.71399489814301	-1.64263553588379	-0.0164022520895152	0.81099817937934	0.503912993591321	-0.237935064984033	1.48684721802869	0.48284242735395	0.0611903060951493	1.39066666658214	-0.0126706125822798	-0.41307142205512	0.448593726912159	0.714519322275603	0.683437788166862	0.930994658281236	0.00848444434214658	0.593139352631565	-0.441737286169486	-0.53249356548874	-0.0496810176995877	0.543500032185691	0.0990946062304299	-0.560058391510061	-0.226113371639442	-3.03188644716921	-1.59040847534824	-1.36783322091482	-1.29127546646482	-0.497385076405521	-0.569034145349702	-0.184993358799211	-0.203691108471095	0.440989822486147	0.439134540924903	-0.103865859231522	-0.156083572663375	-0.245227143079576	-0.431538799030447	1.12275841028161	-0.70428801308678	-0.0321425360055888	0.191553094986013	0.364249556987605	-0.378762530103263	-0.777046753760244	1.86852062759344	0.440003015241107	-0.0774714897604582	-0.281619789751067	0.359499063537877	-0.516824266073103	0.24723350754922	1.54225658689628	-0.0667583283695203	-0.0687056282901969	-0.359140069161878	-0.284775907659794	-2.34612539907442	0.733078733274879	0.411974965361245	-0.328524424228698	0.678793161009112	-0.626595108232413	-0.679042341248832	1.19422985441737	1.02478508716876	0.733434592273433	-0.561212902161752	-0.150440935237427	1.2847739730793	0.0358703402965386	-0.126246092168472	1.48199277922132	-0.486124007548277	1.03834935833937	0.500936135900984	0.494460547783119	1.27070873896985	1.33927027501653	1.31530738439452	-0.00597297831633202	0.935072285402183	1.35215142433725	2.38526457214015	0.0394404086684115	-0.741458976244901	1.16870754389559	-0.665799699100529	0.984345191476371
genotypePC1	-0.14398816086393	-0.16174657741838	-0.0354914616314903	-0.0558506107446197	-0.144982321273266	-0.159690438480801	-0.162628354731742	-0.131649737390875	-0.154872615401508	-0.143116381787043	-0.148352948730833	-0.155184170310179	-0.161154913024423	-0.130727113917711	-0.076419567267088	-0.095652503843022	-0.0271793273844878	-0.0947779631303026	-0.154175079012395	-0.130540495544181	-0.0478369828524568	-0.0685607116886624	-0.139222891201439	-0.142865866287838	-0.07278688415463	-0.156913918384585	-0.0671155866279999	-0.121519905063626	-0.0839187710489845	-0.0428060260993128	0.0171583869167716	-0.0774256194510655	-0.0485526090547065	-0.0694371636523659	-0.0666329794717146	-0.0479466405728068	-0.0838522419138184	-0.0763735623809826	-0.0681643962746812	-0.07232942651836	-0.0859212514345305	-0.0995843498428311	-0.0882600220770127	0.0932868765892664	0.0990654695573878	0.0769532324162044	0.145394885973241	0.120923097785795	0.0741616255948696	0.0781208671841513	0.135942792484125	0.12124325993895	0.103803534479719	0.0765080859449166	0.0760188606365228	0.0739473210884191	0.0864349207007931	0.0882765767922098	0.0879039620032915	0.0844219143523955	0.127391654344072	-0.0933556742500451	-0.0514019248598035	0.0767484918334315	0.0406622721120485	0.0800113841532882	0.0489827752607305	-0.014695662685788	0.0441537963109643	0.0290061058257771	0.0461891182464558	0.0679713132694151	-0.0996752498352545	0.0905412339761645	-0.0335333544487625	-0.0458584769612736	-0.0403419991888688	0.00849328523436209	0.0521930757239679	0.0521393525738352	0.054484781056899	0.0877742238766445	0.0692365290715903	0.0255389893160577	0.0828979084499818	0.0341218910280105	0.043556698307435	0.0460579021501602	0.0339670828134894	0.033745090463708	0.0403704647513539	0.0162680420813201	-0.035480972094342	-0.0200633295686134	0.078075533051387	-0.0202144675096063	0.0334056084119221	0.0406157188287478	0.0458081741436168	0.104181548460695	-0.0605248571870664	0.11098329098352	0.0987064822764083	0.10494279731764	0.109744779402508	0.0903784043746492	0.0799288025443288	0.0296736532840632	0.0502501030915328	0.0350228186880713	0.077413277868836	0.0539826637108329	0.0267165023676636	0.0505809755710354	-0.0481903908274603	-0.0592790794797321	0.0159038534937831	0.0237235874030036	0.136978070415895	0.0978019998109306	0.127572816189087	0.140121721734471	0.184241670744462
genotypePC2	-0.205414165842655	-0.194259084672965	-0.0554994965772393	-0.0507568253655281	-0.179423798602234	-0.198900970669776	-0.207001108955439	-0.205028365796061	-0.213634552282066	-0.199274096957081	0.210023664839365	0.193768412366834	0.202351563685035	0.216167346344894	-0.00505094554410957	-0.0589841147713543	0.0458968064716639	-0.0241703880342542	0.202109436889387	0.178267326811566	0.071476424840959	-0.0154601898725062	0.188545372782252	0.234435556183119	0.0315976821417962	0.237588751684935	-0.0209907361529737	0.217104388524261	-0.0130248409912719	-0.0141315042669646	-0.0371793308512515	0.0638010672733822	-0.0236782067188484	0.0105176067124799	0.00141979618433445	-0.0353738745968198	-0.0271375126082846	-0.0128464454812043	-0.0434857614264127	-0.0514132790814099	-0.0743582266164089	-0.0941964547836808	-0.0927203901608317	0.0330039534791442	0.056601843408411	0.031699263293169	0.021409751497078	0.0461048481434674	0.080033457002143	0.0477991570366852	0.0337612347233281	0.0318560147891787	0.057732190143348	0.0400981609987401	0.0335008841542998	0.0369552822997652	0.0267480867593429	0.0242045659786399	0.0625587497520094	0.0128367271344791	0.0355519158238512	-0.0774300786768069	0.0429348992708932	-0.0760079401220369	0.00184382003591931	-0.0833221282323532	-0.0882836692357663	0.0473772119811991	0.0173351274117004	-0.0183240530165291	-0.081136872767442	-0.0844304616004255	0.23312571992292	-0.00774847482580436	0.0125120214937612	0.0127573140648869	-0.0108521207619824	0.0160713953273663	-0.000453740978632353	0.0129520314955016	0.00124895432586452	0.00157541823812129	-0.00838386269924809	-0.0525731911367571	-0.0138518949876693	-0.0429481756854466	-0.0549821095653888	-0.0294455574790969	-0.0295078934218862	-0.0266910170807446	-0.0524637659516828	-0.0489683770130629	0.0242757788409179	0.0257530681202275	0.00343615986741102	0.011413213896981	0.00930778938448842	-0.0710547892114469	-0.103794985803608	-0.0693085225277069	0.0101294301135835	0.0276098773907039	0.0255538174448399	0.0491360718420921	0.0263119658032516	0.0256019617056936	-0.0215069266867275	-0.0323479658855731	-0.0292336996829715	-0.0152901521848259	-0.0286055056663775	-0.0307190188846104	-0.0187629110248035	-0.0277049189420538	-0.0098015246566008	-0.0341308565250159	-0.0220195144465045	-0.0154864291598397	0.0189189203875582	0.00264089465345684	0.0198178688194743	0.0235260492106066	0.0502737030042894
genotypePC3	-0.0831278816183889	-0.102392993014324	0.0192401020177195	-0.0124391202648754	-0.0836666202326772	-0.0934026536110408	-0.0875300864175393	-0.0784755140927926	-0.0892658302025219	-0.0778293535924092	0.0416434520721354	0.0397108125787058	0.0483673659422302	0.0596335802181014	0.00432446249345105	-0.00348067416756252	0.00576309974439433	-6.88013115627202e-05	0.0323968585460236	0.0401453147894893	0.00586283763507525	-0.0253085405620839	0.0416789015424824	0.0555347782127843	0.0171881855953904	0.0471591874259149	0.0016790421851318	0.0605576332428376	0.00846185286267361	0.00140192367593565	-0.0312008312501434	0.014034454686469	-0.0254559173243258	0.00554583630626919	-0.0106272300797119	0.0109682880799131	-0.0211576076709953	-0.0180353614471452	-0.00630115443881982	-0.00821815776357042	-0.0161422500248194	-0.0355323205118201	-0.0197032599804864	-0.0621963717918467	-0.0827475032986059	-0.0821329459836351	-0.00854398748769257	-0.0825536075105887	-0.0889775767886477	-0.090523073789977	-0.0427734069327502	-0.0632914178895111	-0.0730488900915831	-0.0716534478912901	-0.0964297670346559	-0.077793829037003	-0.0860333720939525	-0.0989166803297453	-0.096855383159307	-0.0822795009035557	-0.0530886448187026	-0.0219699969309138	-0.00673184328190709	0.289871614544808	0.0572852544615738	0.316324441881591	0.302894825730143	-0.00618295543896279	-0.00487921574716437	0.0164850192169401	0.294843172822513	0.317002136495629	0.059591468289131	0.00122776822827329	0.0197213982454637	0.00836375226752903	0.0191715041830968	0.0106140884588546	-0.0065745813253487	0.0177340413129994	-0.020706492649246	0.0028143286366487	0.00638096823771831	-0.0220896848883331	0.0308802121073689	-0.0156197694118888	-0.0201244893245528	-0.0140999300290554	-0.00373670427440369	-0.0095450385387175	-0.0142727918292186	-0.0285400742826271	0.00330171807729076	0.00555063588516463	-0.00480935674027507	-0.00170082762770247	0.00667709752259068	0.300697495685044	0.289121607241545	0.301001956131198	0.00558542300376071	-0.0932187554988498	-0.0838927743465762	-0.0907176010002395	-0.0998282000292578	-0.107940135199838	0.0276972127914047	-0.0288938178240212	-0.0269859792206873	-0.0233623538685671	-0.00522330119584323	-0.0143711146438941	-0.0230030581500417	-0.00198657312237948	-0.0125181626981126	-0.0206151052375534	-0.020766952474226	-0.00521050272116697	-0.00812769480571854	0.00409151959413205	-0.00495085929153811	-0.039902635891887	-0.0939277349521763
genotypePC4	-0.0484265893121269	-0.045433374317496	-0.0131984328837801	0.00102321483159911	-0.0455650525366764	-0.0468508872935777	-0.0401576129138979	-0.0464413957069544	-0.0568299100196511	-0.0673913996287162	0.00793004269941646	0.0150176390362702	0.0107596885541248	0.0172767870030736	-0.0490726511466448	-0.0261078060967429	-0.0100275655696203	-0.0315711434765969	0.0166218163987348	0.0357258674803526	-0.00760994609770814	-0.0239036611662572	0.0257231919955611	0.02330078395424	-0.0505500374392687	0.0211267156401561	-0.0197768207680442	0.0312219946354123	-0.0590018050999695	-0.0130601579519695	0.042434653427867	-0.0268195244310303	-0.00849948597572865	-0.0406789744887886	-0.0190349395605612	-0.00761516967613377	-0.00980711599064717	-0.00764950300349079	-0.0138933201251813	-0.0457740364509719	-0.0296321666406819	-0.0354492279824892	-0.0184529283494135	-0.0740442632359649	-0.0800572972230549	-0.0800660896401086	-0.0724090880931186	-0.0829676384903892	-0.100834299895834	-0.113583860981927	-0.0727013848955208	-0.091109030917304	-0.0655849710344978	-0.0811375284912627	-0.0858036501882845	-0.0737743654335376	-0.100653398460611	-0.0908708063345333	-0.0928337662363084	-0.0785782271833416	-0.0962908686181723	0.000873337975765452	0.00467191742773843	-0.0642715135598129	0.0019340547370718	-0.0684089218214928	-0.0770808044701245	0.01334200110398	0.0475149350710084	0.0291956706443999	-0.0767384053837761	-0.092195105695233	0.0338074043915925	0.0749691005452625	-0.0103709306731387	-0.00655710966905732	-0.0365957266247322	0.0120491754553434	0.0542023905540284	0.030997260069291	0.0669958843746499	0.0715983558849392	0.0527757241912737	0.345853536815545	0.0476806180429016	0.27585552553007	0.316541676019325	0.312163213557233	0.0834443943416477	0.0783027006927267	0.331198054815218	0.326680671457737	-0.0388916681126634	-0.0326012694043315	0.0637812918512342	0.00811322453669598	0.0234066572637004	-0.0679042599092904	-0.069642262337109	-0.0477452307640088	-0.0248927916342574	-0.0848990203723141	-0.0955379066877443	-0.0990795097376388	-0.118813319625108	-0.117220797921593	0.0487698581338456	0.0510078247691196	0.0810073801804268	0.0474009827881528	0.0762928298086817	0.0844894824597674	0.0404999524517159	0.0528796956529739	-0.0237759835841074	-0.0200259472516586	0.0536426460756053	0.0836246076164774	0.0880229091124995	0.0777734461752956	0.0820525139284303	-0.00850277644537405	-0.04424086302105
genotypePC5	-0.151616683347752	-0.16393137100901	0.059872179549492	0.0559301399624681	-0.123811370734408	-0.158944057959507	-0.135781206666364	-0.161325897609431	-0.135447680372751	-0.149337244118521	-0.0574607517646353	-0.0962884056198988	-0.0876978038528423	-0.105958415682046	0.258285422082088	0.106022097962313	0.0693430063149506	0.0783035645685443	-0.0876587786381207	-0.107331663410185	0.0706913889833974	0.0644540462162669	-0.102243576715487	-0.124976161499736	0.24605813121475	-0.0939277062764954	0.090786446169118	-0.123620664297094	0.239492014858031	0.063272352494145	0.0516082168099721	0.0639777932282804	0.0349452856295592	0.236730304490463	0.0411243048298036	0.0302505673793991	0.042955480063416	0.0580481428018758	0.0530908329317114	0.130477739249012	0.0265136786501477	0.0269954417438762	0.00842524826049483	-0.0312985885885027	-0.036028615929043	-0.013105708786861	-0.0630507903807992	-0.0406012951606115	-0.0375048945084094	0.0382630645978168	-0.0666426620386744	-0.0533007103231848	-0.0598416522778622	-0.0473624617686453	-0.0253477864727392	-0.0354078619067222	-0.0514933957846288	-0.0365289420329569	-0.0435159767889351	-0.0458191921122586	-0.0738495199741588	0.0155874595368793	0.00583286097337109	-0.0507095537205048	0.0171111412200526	-0.0567571716275728	-0.0451922801060812	0.0469358600377007	0.0765087309916026	0.0985309799086496	-0.058367195423852	-0.0648765280634415	-0.0970416174528068	0.00632258000951073	0.0560170462946076	0.0350379413014885	0.0614013535507044	0.0556321601162673	0.0467088987723183	0.000443932162399153	0.0297736342653259	0.00202499270758903	0.0273517809138534	-0.0709541369371056	-0.00315603399938166	-0.0615553341578036	-0.0454617056758468	-0.0657585920378067	-0.01703456554269	-0.00792689512138459	-0.0769077672783995	-0.0601292012582105	0.258181541303468	0.262743296875255	0.0168189047272173	0.0559099026671045	0.0627358110532176	-0.0740577145923895	-0.0652049063392357	-0.0654003552477892	0.155385098505852	-0.0625474574950493	-0.0528446296545238	-0.0854180722360163	-0.0750980967044037	-0.0618893479747932	0.0361376136761937	0.086385620517949	0.0872984628297959	0.0395140896263391	0.077940438609489	0.0895545026082166	0.0433315177001905	0.0692475389808782	0.0679761174257379	0.0376565872267082	0.0998623871101068	0.0626680441153775	-0.0304786757347484	-0.00735533126733508	-0.0275834353627887	-0.0423254885365474	-0.0763941354050121
Condition	1	1	1	1	1	1	1	1	1	1	1	1	1	1	1	1	1	1	1	1	1	1	1	1	1	1	1	1	1	1	1	1	1	1	1	1	1	1	1	1	1	1	1	1	1	1	1	1	1	1	1	1	1	1	1	1	1	1	1	1	1	1	1	2	2	2	2	2	2	2	2	2	2	2	2	2	2	2	2	2	2	2	2	2	2	2	2	2	2	2	2	2	2	2	2	2	2	2	2	2	2	2	2	2	2	2	2	2	2	2	2	2	2	2	2	2	2	2	2	2	2	2	2
Age	18	22	23	22	23	22	22	24	24	22	30	26	17	27	26	19	17	30	25	25	19	17	31	25	19	31	19	23	26	25	24	19	17	29	17	32	32	30	32	28	25	25	23	10	11	11	10	9	10	10	10	9	10	10	10	10	10	10	9	10	10	20	23	25	25	25	23	26	25	37	37	37	37	16	17	17	17	18	16	16	16	17	19	17	28	30	30	26	29	33	28	29	41	41	42	42	42	30	29	30	24	22	22	21	21	21	22	10	10	10	10	10	9	21	24	24	25	24	21	21	21	21	17
